# 路标点总个数
# 路标点: X  Y  YAW
# 测试自己的数据时不要删除这三行注释, 否则需要修改程序中跳过注释行的部分代码避免运行时出错
26
-0.2  -0.2   145
-0.2   2.7    0
-0.1    2.7    0
0    -0.2    0
0.2    -0.2    0
0.2    2.3    0
1.2    2.3    0
1.3    2.7    0
2.0    2.7    0
2.0    1.7    1  
2.7    1.7    0
2.7    2.9    0
2.7    2.9    0
4.9    2.8    0
4.9    2.5    90
3.0    2.4    90
3.0    0.2    0
4.9    0.2    0
5.0    2.0    0
4.9    -0.3   90
2.8   -0.3    0
2.2   1.5    90
2.0   0.2      90
0.0   0.2    90
0.0   -0.2    0
2.0   -0.3    0
